2020-03-07 00:58:55.899437 - G2:   Rank0 fitness=-21	weights=[0, 0, 0, 0, 0, 1, 1, 1, 1, 0, 0, 1, 1, 0, 1, 0, 0, 0, 1]	 game_history=[-11, -10]
                                   Rank1 fitness=-23	weights=[0, 0, 1, 0, 0, 1, 1, 1, 0, 1, 1, 0, 1, 1, 1, 1, 1, 0, 1]	 game_history=[-11, -12]
                                   Rank2 fitness=-23	weights=[1, 0, 0, 1, 0, 1, 1, 0, 1, 0, 0, 0, 1, 1, 1, 0, 0, 0, 1]	 game_history=[-13, -10]
                                   Rank3 fitness=-25	weights=[0, 0, 1, 0, 0, 0, 0, 1, 1, 0, 1, 1, 1, 0, 0, 0, 0, 1, 0]	 game_history=[-11, -14]
                                   Rank4 fitness=-25	weights=[1, 0, 0, 1, 0, 1, 0, 0, 1, 0, 0, 1, 1, 1, 1, 0, 1, 1, 0]	 game_history=[-5, -20]
2020-03-07 00:59:35.447245 - G3:   Rank0 fitness=1	weights=[1, 0.952, 1, 1.054, -0.25, -1, 0, 0, -1, -0.795, 0, -0.735, 1, 0, 0, 1, 0.34, -0.417, -1.016]	 game_history=[-12, 13]
                                   Rank1 fitness=-1	weights=[1.222, 0.603, -1, 1, -0.914, 0, 1, -1, 0, -0.425, 1, -0.255, -0.103, 0.921, 0.446, -1.375, 0, 0, 0]	 game_history=[11, -12]
                                   Rank2 fitness=-11	weights=[0.134, -0.861, -1, 1, 0, -1, 0.693, 0, 0.013, -1, 0, 0, 1.044, 1.042, 0.806, 0.396, 0, 0, 1.117]	 game_history=[-8, -3]
                                   Rank3 fitness=-21	weights=[0, 0, 0, 0, 0, 1, 1, 1, 1, 0, 0, 1, 1, 0, 1, 0, 0, 0, 1]	 game_history=[-11, -10]
                                   Rank4 fitness=-22	weights=[-0.283, 0.825, -0.266, 1.051, -0.02, 0, 0.052, 1, 0, -1, 0, 1, 1, -1.099, -1, -0.049, -1, 1, -1]	 game_history=[-15, -7]
2020-03-07 01:00:15.030012 - G4:   Rank0 fitness=1	weights=[1, 0.952, 1, 1.054, -0.25, -1, 0, 0, -1, -0.795, 0, -0.735, 1, 0, 0, 1, 0.34, -0.417, -1.016]	 game_history=[-12, 13]
                                   Rank1 fitness=-1	weights=[1.222, 0.603, -1, 1, -0.914, 0, 1, -1, 0, -0.425, 1, -0.255, -0.103, 0.921, 0.446, -1.375, 0, 0, 0]	 game_history=[11, -12]
                                   Rank2 fitness=-9	weights=[1, 0, -0.583, -1.134, 0.319, 1.318, 0, 0.311, -0.696, 0.183, 0.147, 0.13, 1.044, 0.827, -0.806, 0.396, -0.324, 0, 0.111]	 game_history=[-17, 8]
                                   Rank3 fitness=-11	weights=[0.134, -0.861, -1, 1, 0, -1, 0.693, 0, 0.013, -1, 0, 0, 1.044, 1.042, 0.806, 0.396, 0, 0, 1.117]	 game_history=[-8, -3]
                                   Rank4 fitness=-14	weights=[1, 0, 0.902, 1, -0.07, -0.631, -1, -1.014, -0.308, -1.275, 1, 0.239, 1.231, -1, 1, 0.396, 0.006, 0, 1.105]	 game_history=[-17, 3]
2020-03-07 01:00:51.180736 - G5:   Rank0 fitness=1	weights=[1, 0.952, 1, 1.054, -0.25, -1, 0, 0, -1, -0.795, 0, -0.735, 1, 0, 0, 1, 0.34, -0.417, -1.016]	 game_history=[-12, 13]
                                   Rank1 fitness=-1	weights=[1.222, 0.603, -1, 1, -0.914, 0, 1, -1, 0, -0.425, 1, -0.255, -0.103, 0.921, 0.446, -1.375, 0, 0, 0]	 game_history=[11, -12]
                                   Rank2 fitness=-8	weights=[-0.16, 1.054, 0.19, 1.176, -0.408, 0, 0.052, 1, 0.15, -0.795, 0, 0.735, 1.311, -1.099, 1, -0.049, 1.081, -0.958, -1]	 game_history=[12, -20]
                                   Rank3 fitness=-9	weights=[1, 0, -0.583, -1.134, 0.319, 1.318, 0, 0.311, -0.696, 0.183, 0.147, 0.13, 1.044, 0.827, -0.806, 0.396, -0.324, 0, 0.111]	 game_history=[-17, 8]
                                   Rank4 fitness=-9	weights=[-1.109, -1, -1, 1.054, 0.25, -1, 0.31, 0, -1, -0.847, 0.336, 0.735, 1, -0.116, 0.076, -1.436, -0.141, 1, -0.453]	 game_history=[-9, 0]
2020-03-07 01:01:29.486400 - G6:   Rank0 fitness=12	weights=[1, 0, 0.902, -0.799, 0.31, 0.631, -1.12, -0.969, -0.245, -1.275, -1.464, 0.056, 0.997, -1, 1, -0.095, -0.006, -1.128, 1.105]	 game_history=[-23, 35]
                                   Rank1 fitness=1	weights=[1, 0.952, 1, 1.054, -0.25, -1, 0, 0, -1, -0.795, 0, -0.735, 1, 0, 0, 1, 0.34, -0.417, -1.016]	 game_history=[-12, 13]
                                   Rank2 fitness=-1	weights=[1.222, 0.603, -1, 1, -0.914, 0, 1, -1, 0, -0.425, 1, -0.255, -0.103, 0.921, 0.446, -1.375, 0, 0, 0]	 game_history=[11, -12]
                                   Rank3 fitness=-3	weights=[1, 0, -0.583, -1.616, 0.319, 1.318, 0.302, 0.741, -0.696, -0.674, -0.554, 0.13, -1.044, 0.827, 0.716, -0.396, -0.324, -0.05, 0.041]	 game_history=[-9, 6]
                                   Rank4 fitness=-8	weights=[-0.16, 1.054, 0.19, 1.176, -0.408, 0, 0.052, 1, 0.15, -0.795, 0, 0.735, 1.311, -1.099, 1, -0.049, 1.081, -0.958, -1]	 game_history=[12, -20]
2020-03-07 01:02:05.368370 - G7:   Rank0 fitness=12	weights=[1, 0, 0.902, -0.799, 0.31, 0.631, -1.12, -0.969, -0.245, -1.275, -1.464, 0.056, 0.997, -1, 1, -0.095, -0.006, -1.128, 1.105]	 game_history=[-23, 35]
                                   Rank1 fitness=11	weights=[0.713, 0.658, 0, 0.786, -0.354, -0.788, -0.124, 0.178, -0.568, -0.795, -0.848, -0.216, 0.103, 1.129, 0.729, -1.375, 0.34, 1.063, 0.974]	 game_history=[-2, 13]
                                   Rank2 fitness=5	weights=[1.657, -0.044, -1.262, 1.054, -0.255, -1, -0.057, 0, -0.819, -0.472, 0.056, 0.735, 0.339, 0.76, -0.009, -1.602, -0.54, -0.312, 0.104]	 game_history=[-4, 9]
                                   Rank3 fitness=1	weights=[1, 0.952, 1, 1.054, -0.25, -1, 0, 0, -1, -0.795, 0, -0.735, 1, 0, 0, 1, 0.34, -0.417, -1.016]	 game_history=[-12, 13]
                                   Rank4 fitness=-1	weights=[1.222, 0.603, -1, 1, -0.914, 0, 1, -1, 0, -0.425, 1, -0.255, -0.103, 0.921, 0.446, -1.375, 0, 0, 0]	 game_history=[11, -12]
2020-03-07 01:02:44.611991 - G8:   Rank0 fitness=12	weights=[1, 0, 0.902, -0.799, 0.31, 0.631, -1.12, -0.969, -0.245, -1.275, -1.464, 0.056, 0.997, -1, 1, -0.095, -0.006, -1.128, 1.105]	 game_history=[-23, 35]
                                   Rank1 fitness=11	weights=[0.713, 0.658, 0, 0.786, -0.354, -0.788, -0.124, 0.178, -0.568, -0.795, -0.848, -0.216, 0.103, 1.129, 0.729, -1.375, 0.34, 1.063, 0.974]	 game_history=[-2, 13]
                                   Rank2 fitness=11	weights=[1.406, 0.952, -1.045, 1.463, -0.25, -1, 0.297, -0.153, -0.628, -0.795, 0, -0.735, 1, 0, 0.04, -1.429, -0.34, -0.417, 1.016]	 game_history=[-2, 13]
                                   Rank3 fitness=7	weights=[1.222, 0.603, 1, 0.522, -0.938, 0, -1, 1, 0, -0.481, 1, 0.298, -1.093, -0.957, -1, 0.095, -0.06, 1.288, 0]	 game_history=[23, -16]
                                   Rank4 fitness=6	weights=[-1.076, 1.318, 0.01, -0.42, -0.798, 0, -0.487, 1.255, 0.491, -0.896, -1, 0.294, 0.718, 1.234, -1.165, -0.157, 0.271, -0.05, -1.46]	 game_history=[-15, 21]
2020-03-07 01:03:20.611953 - G9:   Rank0 fitness=20	weights=[0.351, 1.316, -0.448, 1.084, 0.907, 0.997, 0.04, 0.747, 0.208, -0.56, 0, -0.731, -1.312, -1.775, -1.355, -1.514, -1.493, 1.498, -1]	 game_history=[-15, 35]
                                   Rank1 fitness=12	weights=[1, 0, 0.902, -0.799, 0.31, 0.631, -1.12, -0.969, -0.245, -1.275, -1.464, 0.056, 0.997, -1, 1, -0.095, -0.006, -1.128, 1.105]	 game_history=[-23, 35]
                                   Rank2 fitness=11	weights=[0.713, 0.658, 0, 0.786, -0.354, -0.788, -0.124, 0.178, -0.568, -0.795, -0.848, -0.216, 0.103, 1.129, 0.729, -1.375, 0.34, 1.063, 0.974]	 game_history=[-2, 13]
                                   Rank3 fitness=11	weights=[1.406, 0.952, -1.045, 1.463, -0.25, -1, 0.297, -0.153, -0.628, -0.795, 0, -0.735, 1, 0, 0.04, -1.429, -0.34, -0.417, 1.016]	 game_history=[-2, 13]
                                   Rank4 fitness=7	weights=[1.222, 0.603, 1, 0.522, -0.938, 0, -1, 1, 0, -0.481, 1, 0.298, -1.093, -0.957, -1, 0.095, -0.06, 1.288, 0]	 game_history=[23, -16]
