2020-03-09 10:12:03.683352 - G2:   Rank 0 fitness=79	weights=[0, 1, 0, 0, 1, 0, 1, 1, 0, 0, 1, 0, 1, 0, 1, 0, 0, 0, 1]	 game_history=[9, 8, 10, 24, 18, 10]
                                   Rank 1 fitness=33	weights=[1, 1, 0, 1, 0, 1, 0, 0, 0, 0, 0, 1, 1, 0, 0, 0, 1, 1, 1]	 game_history=[7, 6, 6, 6, 8, 0]
                                   Rank 2 fitness=32	weights=[1, 0, 0, 1, 1, 1, 0, 0, 1, 0, 1, 0, 1, 0, 1, 0, 1, 1, 1]	 game_history=[4, 6, -12, 4, 20, 10]
                                   Rank 3 fitness=30	weights=[1, 1, 0, 1, 0, 1, 1, 0, 0, 0, 1, 1, 1, 0, 1, 0, 1, 1, 1]	 game_history=[2, 8, 12, 0, 9, -1]
                                   Rank 4 fitness=30	weights=[1, 0, 0, 1, 0, 0, 0, 1, 1, 1, 1, 0, 0, 0, 0, 0, 1, 1, 1]	 game_history=[17, 12, 8, -2, -10, 5]
2020-03-09 10:14:40.941967 - G3:   Rank 0 fitness=90	weights=[1, 1, 0, 0, -1, 0, -0.671, 0, 1, -1.366, 5.662, 0, -1, 0, -1.117, 0, 0, 0, -2.372]	 game_history=[19, -11, 28, 2, 10, 42]
                                   Rank 1 fitness=80	weights=[1, 0.215, -1, 2.953, -1, 1, 0, -2.298, 1, -3.463, 1, 0, -1, 0, 1.922, -3.765, -1, -1, 0.895]	 game_history=[6, 12, 2, 12, 28, 20]
                                   Rank 2 fitness=76	weights=[2.988, 1, 0, 0, 1.058, 2.47, 4.175, -1, 0, -0.106, -1, 0, -1, -0.793, -1, 0, 0, -0.04, 1]	 game_history=[6, 16, 6, 26, 16, 6]
                                   Rank 3 fitness=75	weights=[1, 0, 0.379, 1, -1, 1, -0.922, 0, -1.383, -1.24, -0.176, 0, -1, 1.422, 1, 1, 1.06, 0.007, -1.132]	 game_history=[18, 8, 18, 28, -1, 4]
                                   Rank 4 fitness=71	weights=[1, 0, -0.56, -3.091, 1, -1, 0, -0.532, -1, -2.018, 1, -0.102, 1, 0, -2.138, 0, 1.915, 1, 0]	 game_history=[-4, 23, 12, 13, -2, 29]
2020-03-09 10:17:14.098194 - G4:   Rank 0 fitness=113	weights=[1, 0, 0.379, 1, -1, 1, -0.922, 0, -1.383, -1.24, -0.176, 0, -1, 1.422, 1, 1, 1.06, 0.007, -1.132]	 game_history=[18, 23, 17, 18, 25, 12]
                                   Rank 1 fitness=113	weights=[1, 2.438, 0.379, 1, 2.744, -1.208, -0.307, 1.174, -3.48, -1.856, -2.419, 1, 0, -0.705, 0, 3.435, 5.363, 0, -2.16]	 game_history=[0, 29, 36, 10, 24, 14]
                                   Rank 2 fitness=83	weights=[1.316, 1, 1.074, 2.571, 1, 2.337, 1.517, -2.399, -0.863, -1.82, 0.176, 0, -1, 1.422, 0.129, -1, 1.516, -1.716, -0.09]	 game_history=[29, 12, 14, 14, 0, 14]
                                   Rank 3 fitness=75	weights=[1, 0.215, 0.899, 5.069, -0.109, 0.809, 0, 2.298, -2.555, -3.463, -1, 0.241, -0.279, 0, 1.922, -3.765, 1, -1, 0.895]	 game_history=[7, 11, 11, 32, -16, 30]
                                   Rank 4 fitness=67	weights=[1.569, 1, 0.009, 1, -1, -1, 1.473, 0.929, 0, -2.189, 1.887, -1, 0.792, 0, -1.607, 0, 1, -0.733, -3.302]	 game_history=[2, 18, 14, 14, 8, 11]
2020-03-09 10:19:51.088346 - G5:   Rank 0 fitness=114	weights=[1, 0, 0.379, 1, -1, 1, -0.922, 0, -1.383, -1.24, -0.176, 0, -1, 1.422, 1, 1, 1.06, 0.007, -1.132]	 game_history=[30, 11, 19, 20, 18, 16]
                                   Rank 1 fitness=110	weights=[1, 1, 0, 0, -1, 0, -0.671, 0, 1, -1.366, 5.662, 0, -1, 0, -1.117, 0, 0, 0, -2.372]	 game_history=[9, 12, 30, 22, 20, 17]
                                   Rank 2 fitness=92	weights=[0.493, 3.553, 0.593, 1.351, 2.527, -1.486, 1.214, -2.298, 2.555, -3.463, -1, 0.241, -0.279, 0, -0.373, -1.828, -2.467, -0.819, -2.384]	 game_history=[16, 12, -2, 30, 26, 10]
                                   Rank 3 fitness=89	weights=[1.361, -0.618, 1.037, 0, -1, -0.321, -0.671, -1.724, 1, 0.259, -5.662, -1.479, 1.992, 2.399, -2.81, 0, -1.542, -0.995, 2.169]	 game_history=[20, -1, 8, 30, 32, 0]
                                   Rank 4 fitness=78	weights=[-0.833, 1.714, 0.389, -1.753, 1.246, 2.925, 0, -3.023, 0, -2.535, 0.274, 0, -1, 0.667, 0.203, 0, 1.393, -2.592, -4.713]	 game_history=[13, 31, 8, 18, 10, -2]
2020-03-09 10:22:19.118277 - G6:   Rank 0 fitness=139	weights=[1, 0, 0.379, 1, -1, 1, -0.922, 0, -1.383, -1.24, -0.176, 0, -1, 1.422, 1, 1, 1.06, 0.007, -1.132]	 game_history=[21, 30, 24, 12, 22, 30]
                                   Rank 1 fitness=118	weights=[2.404, 2.309, -1.762, -1.244, 1.799, 3.471, -2.134, -1.977, -5.336, 0.608, 0, 0.728, 1, 0, -0.764, -2.21, 5.363, -1.734, 2.476]	 game_history=[26, 18, 10, 34, 23, 7]
                                   Rank 2 fitness=107	weights=[1, 1, 0, 0, -1, 0, -0.671, 0, 1, -1.366, 5.662, 0, -1, 0, -1.117, 0, 0, 0, -2.372]	 game_history=[24, 26, 10, 21, -6, 32]
                                   Rank 3 fitness=103	weights=[3.38, 1.232, 3.335, -2.571, -1, -2.337, 1.003, -2.686, 2.743, 0.872, -0.792, 0, -1.298, 2.399, -7.047, 0, -3.722, -2.841, -1.416]	 game_history=[-11, 16, 32, 14, 28, 24]
                                   Rank 4 fitness=97	weights=[0.493, 3.553, 0.593, 1.351, 2.527, -1.486, 1.214, -2.298, 2.555, -3.463, -1, 0.241, -0.279, 0, -0.373, -1.828, -2.467, -0.819, -2.384]	 game_history=[28, 30, 8, 6, 4, 21]
2020-03-09 10:24:36.830814 - G7:   Rank 0 fitness=116	weights=[0.705, 3.075, -2.459, -1.753, 0.053, -2.925, 0, -3.023, -0.024, -2.535, -1.783, 0, -0.026, 0.667, -3.73, 0, 1.393, 2.592, 4.713]	 game_history=[23, 28, 28, 24, 10, 3]
                                   Rank 1 fitness=111	weights=[1, 0, 0.379, 1, -1, 1, -0.922, 0, -1.383, -1.24, -0.176, 0, -1, 1.422, 1, 1, 1.06, 0.007, -1.132]	 game_history=[13, 30, 16, 14, 26, 12]
                                   Rank 2 fitness=106	weights=[1, 1, 0, 0, -1, 0, -0.671, 0, 1, -1.366, 5.662, 0, -1, 0, -1.117, 0, 0, 0, -2.372]	 game_history=[14, 22, 22, 10, 34, 4]
                                   Rank 3 fitness=87	weights=[2.404, 2.309, -1.762, 1, 1, -0.338, 1.473, -1.765, 2.418, -1.532, 1.272, -1.939, -1.242, -2.289, -2.096, 0.971, 1.106, -0.733, -2.1]	 game_history=[26, 28, 24, 18, -11, 2]
                                   Rank 4 fitness=84	weights=[2.827, 1.864, 2.215, 0.082, 1.254, -3.367, -2.019, 2.399, -0.981, -1.82, 0.176, -0.916, -1, 3.717, -3.941, 0, 0.965, 0.995, -1.434]	 game_history=[8, 8, 26, 10, 27, 5]
2020-03-09 10:27:07.663386 - G8:   Rank 0 fitness=172	weights=[1, 0, 0.379, 1, -1, 1, -0.922, 0, -1.383, -1.24, -0.176, 0, -1, 1.422, 1, 1, 1.06, 0.007, -1.132]	 game_history=[28, 36, 21, 24, 30, 33]
                                   Rank 1 fitness=102	weights=[0.705, 3.075, -2.459, -1.753, 0.053, -2.925, 0, -3.023, -0.024, -2.535, -1.783, 0, -0.026, 0.667, -3.73, 0, 1.393, 2.592, 4.713]	 game_history=[25, 0, 13, 18, 20, 26]
                                   Rank 2 fitness=88	weights=[0.493, 3.553, -1.956, -1.534, 2.527, -1.486, -2.096, -1.765, 2.555, -3.463, -1, 2.005, 1.596, -1.895, -0.373, -1.828, -2.59, -0.819, -2.384]	 game_history=[24, 9, 11, 22, 26, -4]
                                   Rank 3 fitness=85	weights=[0.135, 3.075, -2.459, -1.753, 0.053, -2.925, -1.828, -3.002, 0.024, -2.535, 0.625, 1.144, -0.557, -0.667, -3.302, 0, 1.393, 2.592, -4.713]	 game_history=[8, 8, 18, 6, 19, 26]
                                   Rank 4 fitness=76	weights=[5.666, -1.702, -0.135, 2.421, 2.183, -1.055, 1.473, -0.912, -1.411, -2.718, -1.887, -1, -0.792, -2.239, -2.649, -0.982, 7.637, 0.031, -2.569]	 game_history=[-6, 34, 18, 14, 10, 6]
2020-03-09 10:29:34.289546 - G9:   Rank 0 fitness=156	weights=[4.295, 2.274, 1.762, 1, 1, 0.338, -3.888, 1.765, 0.024, -2.535, 1.272, -3.221, -2.642, 2.289, 0.292, 2.742, 1.951, 0.733, -2.1]	 game_history=[36, 18, 26, 14, 26, 36]
                                   Rank 1 fitness=131	weights=[4.077, -0.975, 2.199, -1, -1, -2.637, -0.922, 0, -3.236, -3.522, 10.726, 3.854, 2.876, -6.689, -5.875, 1.472, 1.106, 1.882, -4.028]	 game_history=[30, 24, 19, 20, 24, 14]
                                   Rank 2 fitness=118	weights=[0.705, 3.075, -2.459, -1.753, 0.053, -2.925, 0, -3.023, -0.024, -2.535, -1.783, 0, -0.026, 0.667, -3.73, 0, 1.393, 2.592, 4.713]	 game_history=[4, 16, 32, 22, 18, 26]
                                   Rank 3 fitness=102	weights=[1, 0, 0.379, 1, -1, 1, -0.922, 0, -1.383, -1.24, -0.176, 0, -1, 1.422, 1, 1, 1.06, 0.007, -1.132]	 game_history=[11, 29, 16, 14, 0, 32]
                                   Rank 4 fitness=98	weights=[0.705, 2.575, -1.561, -1.753, 0.053, -2.925, 0.877, -3.023, -0.024, -4.984, -1.783, 0, -1.141, -1.806, 2.468, 0, -1.374, -3.857, 1.914]	 game_history=[4, 0, 24, 32, 26, 12]
2020-03-09 10:32:04.347052 - G10:  Rank 0 fitness=167	weights=[1, 0, 0.379, 1, -1, 1, -0.922, 0, -1.383, -1.24, -0.176, 0, -1, 1.422, 1, 1, 1.06, 0.007, -1.132]	 game_history=[20, 30, 32, 35, 24, 26]
                                   Rank 1 fitness=120	weights=[4.077, -0.975, 2.199, -1, -1, -2.637, -0.922, 0, -3.236, -3.522, 10.726, 3.854, 2.876, -6.689, -5.875, 1.472, 1.106, 1.882, -4.028]	 game_history=[1, 30, 20, 26, 27, 16]
                                   Rank 2 fitness=102	weights=[1.18, 5.889, -2.724, -4.973, 2.357, 4.202, -2.996, 1.765, 0.024, -3.463, 2.633, 3.501, 1.039, -2.628, 2.997, -0.362, 1.782, 1.932, -5.962]	 game_history=[2, 12, 18, 28, 16, 26]
                                   Rank 3 fitness=97	weights=[1, 3.344, -0.001, -1, -0.901, -0.039, -0.922, 0, 0.0, -0.56, -0.176, 0, 2.31, -2.477, 2.577, 0.949, -1.06, 0.817, 1.132]	 game_history=[13, 24, 8, 11, 12, 29]
                                   Rank 4 fitness=94	weights=[-0.361, 2.453, 1.525, -1.812, -1.316, -1.486, 2.096, -2.036, 2.1, -3.979, 6.622, -1.254, -0.812, -4.494, 10.545, -0.705, -4.451, 2.684, -4.908]	 game_history=[8, 2, 25, 6, 33, 20]
2020-03-09 10:35:06.460906 - G11:  Rank 0 fitness=128	weights=[1.18, 5.889, 2.724, 6.828, 0.557, 4.202, -2.996, -3.498, 0.024, -4.108, 3.353, 3.501, -0.628, -1.314, -4.486, -0.982, -7.637, -0.031, 3.197]	 game_history=[26, 6, 29, 13, 28, 26]
                                   Rank 1 fitness=108	weights=[1, 3.344, -0.001, -1, -0.901, -0.039, -0.922, 0, 0.0, -0.56, -0.176, 0, 2.31, -2.477, 2.577, 0.949, -1.06, 0.817, 1.132]	 game_history=[20, 24, 10, 28, 10, 16]
                                   Rank 2 fitness=101	weights=[1, 0, 0.379, 1, -1, 1, -0.922, 0, -1.383, -1.24, -0.176, 0, -1, 1.422, 1, 1, 1.06, 0.007, -1.132]	 game_history=[7, 22, 20, 32, 4, 16]
                                   Rank 3 fitness=90	weights=[3.38, -0.706, -0.963, 4.858, -3.294, -1, 0.922, 1.092, -1.304, 1.91, -0.176, 0, 2.31, -0.713, -2.826, 0.381, 2.32, -0.801, -5.959]	 game_history=[29, 6, 17, 18, 4, 16]
                                   Rank 4 fitness=73	weights=[0.131, -2.503, -3.344, 1.753, 1.005, -4.272, -1.469, -0.258, -3.236, -3.522, -10.726, 3.854, 2.601, -6.689, 7.574, -0.456, 1.106, -3.216, -5.313]	 game_history=[16, 1, 18, 26, 0, 12]
2020-03-09 10:37:44.030323 - G12:  Rank 0 fitness=147	weights=[6.399, 2.395, -2.819, -2.483, -1.78, 0.375, -0.922, -0.889, 1.383, -0.173, -2.223, -0.525, -3.718, 2.705, 2.577, -0.697, 0.971, 1.418, -4.192]	 game_history=[18, 37, 26, 20, 20, 26]
                                   Rank 1 fitness=116	weights=[1.85, 2.141, -0.5, -1.181, 3.847, -0.447, -1.11, 0.649, -2.666, -1.462, -0.176, -0.43, -1.406, 1.545, 0.002, 0.381, 0.125, -1.987, -2.662]	 game_history=[-6, 29, 8, 14, 32, 39]
                                   Rank 2 fitness=109	weights=[4.35, -0.034, 0, -3.539, 0.095, 0.039, 2.163, -0.525, -1, 3.221, -6.785, 0.712, -0.254, -2.289, 1.338, 2.392, 2.59, -1.029, -2.089]	 game_history=[20, 22, 12, 6, 13, 36]
                                   Rank 3 fitness=103	weights=[3.38, 1.482, -2.668, 4.858, 3.294, 2.88, -3.247, 2.507, 0.383, -2.681, -1.105, 0, 1, -2.415, 1, -0.246, 1.06, 0.928, 1.189]	 game_history=[32, 12, 32, 20, 2, 5]
                                   Rank 4 fitness=89	weights=[4.077, -0.975, 2.199, -1, -1, -2.637, -0.922, 0, -3.236, -3.522, 10.726, 3.854, 2.876, -6.689, -5.875, 1.472, 1.106, 1.882, -4.028]	 game_history=[12, 32, 22, 16, 17, -10]
2020-03-09 10:40:23.726145 - G13:  Rank 0 fitness=130	weights=[6.399, 2.395, -2.819, -2.483, -1.78, 0.375, -0.922, -0.889, 1.383, -0.173, -2.223, -0.525, -3.718, 2.705, 2.577, -0.697, 0.971, 1.418, -4.192]	 game_history=[23, 24, 19, 32, 4, 28]
                                   Rank 1 fitness=117	weights=[1.469, 9.064, 1.667, -2.483, 0.604, -0.375, 0.852, -0.889, 0.067, -0.242, -2.223, -0.525, -2.961, 1.051, -4.63, -0.348, -2.32, 0.007, -2.997]	 game_history=[26, 8, 18, 20, 24, 21]
                                   Rank 2 fitness=100	weights=[3.38, -0.706, 0.963, 4.858, 1.073, 1.302, 0.922, 1.092, -3.078, -1.91, 0.176, 0, 1, -2.415, 2.029, 1.536, -2.32, -0.195, -8.441]	 game_history=[4, 31, 1, 26, 22, 16]
                                   Rank 3 fitness=88	weights=[4.35, -0.034, 0, -3.539, 0.095, 0.039, 2.163, -0.525, -1, 3.221, -6.785, 0.712, -0.254, -2.289, 1.338, 2.392, 2.59, -1.029, -2.089]	 game_history=[11, 10, 14, 20, 11, 22]
                                   Rank 4 fitness=84	weights=[1.85, 2.141, -0.5, -1.181, 3.847, -0.447, -1.11, 0.649, -2.666, -1.462, -0.176, -0.43, -1.406, 1.545, 0.002, 0.381, 0.125, -1.987, -2.662]	 game_history=[24, 9, 24, 0, 8, 19]
2020-03-09 10:42:46.101207 - G14:  Rank 0 fitness=156	weights=[4.077, -0.975, 2.199, -1, -1, -2.637, -0.922, 0, -3.236, -3.522, 10.726, 3.854, 2.876, -6.689, -5.875, 1.472, 1.106, 1.882, -4.028]	 game_history=[26, 32, 30, 20, 15, 33]
                                   Rank 1 fitness=117	weights=[3.38, -0.706, 0.963, 4.858, 1.073, 1.302, 0.922, 1.092, -3.078, -1.91, 0.176, 0, 1, -2.415, 2.029, 1.536, -2.32, -0.195, -8.441]	 game_history=[10, 16, 24, 20, 34, 13]
                                   Rank 2 fitness=109	weights=[7.004, 0.723, -0.212, 7.039, -1.78, 0.375, 0.922, -0.67, 1.383, -0.173, -2.821, -0.525, 3.718, -7.04, -2.502, 1.189, -0.939, 1.749, -4.16]	 game_history=[25, 21, 0, 27, 26, 10]
                                   Rank 3 fitness=103	weights=[1.469, 9.064, 1.667, -2.483, 0.604, -0.375, 0.852, -0.889, 0.067, -0.242, -2.223, -0.525, -2.961, 1.051, -4.63, -0.348, -2.32, 0.007, -2.997]	 game_history=[2, 7, 30, 14, 24, 26]
                                   Rank 4 fitness=86	weights=[1.85, 2.385, -1.741, 2.558, -4.547, 1.425, -1.11, -0.207, 2.666, -2.468, -1.836, 0.545, 0.254, -2.289, -3.531, 2.392, -0.641, 1.921, -2.662]	 game_history=[15, 8, 11, 21, 10, 21]
2020-03-09 10:45:16.404058 - G15:  Rank 0 fitness=135	weights=[3.286, 2.53, 6.508, -2.483, 3.358, -2.137, -0.792, 0.027, -3.078, -1.213, 2.601, 0, 1.169, -2.415, -0.808, 1.536, 2.421, -1.188, -3.017]	 game_history=[26, 15, -4, 26, 36, 36]
                                   Rank 1 fitness=115	weights=[4.077, -0.975, 2.199, -1, -1, -2.637, -0.922, 0, -3.236, -3.522, 10.726, 3.854, 2.876, -6.689, -5.875, 1.472, 1.106, 1.882, -4.028]	 game_history=[14, 24, 24, 29, 16, 8]
                                   Rank 2 fitness=103	weights=[1.469, 9.064, 1.667, -2.483, 0.604, -0.375, 0.852, -0.889, 0.067, -0.242, -2.223, -0.525, -2.961, 1.051, -4.63, -0.348, -2.32, 0.007, -2.997]	 game_history=[14, 8, 25, 10, 22, 24]
                                   Rank 3 fitness=98	weights=[1.85, 2.385, -1.741, 2.558, -4.547, 1.425, -1.11, -0.207, 2.666, -2.468, -1.836, 0.545, 0.254, -2.289, -3.531, 2.392, -0.641, 1.921, -2.662]	 game_history=[11, 10, -8, 29, 20, 36]
                                   Rank 4 fitness=98	weights=[0.131, 8.477, -2.62, -3.21, 1.266, -1.039, -0.118, 0.67, -0.965, 1.727, -2.821, -0.525, 3.718, -2.832, -1.338, -0.122, -2.539, 1.029, -5.775]	 game_history=[18, 27, 30, 16, 2, 5]
2020-03-09 10:47:44.317302 - G16:  Rank 0 fitness=119	weights=[1.85, 2.385, -0.827, 2.423, -4.547, -1.425, 1.11, -1.576, -2.666, -2.468, 1.836, -0.936, -0.254, -0.026, 3.531, 2.392, -0.641, 4.432, -9.173]	 game_history=[30, 8, 22, 36, 8, 15]
                                   Rank 1 fitness=102	weights=[3.38, -0.103, -0.122, -4.858, 1.073, 1.302, -0.725, -1.244, -3.078, -1.91, 1.624, 0.545, -0.223, -2.289, 2.029, 1.536, -2.32, -0.195, -8.1]	 game_history=[24, 28, 30, 21, -12, 11]
                                   Rank 2 fitness=89	weights=[3.286, 2.53, 6.508, -2.483, 3.358, -2.137, -0.792, 0.027, -3.078, -1.213, 2.601, 0, 1.169, -2.415, -0.808, 1.536, 2.421, -1.188, -3.017]	 game_history=[27, 21, 29, 27, -12, -3]
                                   Rank 3 fitness=89	weights=[0.131, 8.477, -2.62, -3.21, 1.266, -1.039, -0.118, 0.67, -0.965, 1.727, -2.821, -0.525, 3.718, -2.832, -1.338, -0.122, -2.539, 1.029, -5.775]	 game_history=[10, 12, 30, 5, 22, 10]
                                   Rank 4 fitness=89	weights=[5.868, 1.41, 0, -9.722, 3.491, -4.75, 0.057, -1.249, -0.228, 0.173, -1.326, 0.525, -1.648, 1.999, 5.141, -0.251, -5.355, 3.677, -1.729]	 game_history=[25, 2, 12, 2, 38, 10]
2020-03-09 10:50:10.994850 - G17:  Rank 0 fitness=99	weights=[3.719, 4.264, -3.74, -2.483, 6.298, -2.596, 0.792, 1.67, 1.249, -1.315, -2.601, 0, 3.404, 2.812, -0.808, 1.536, -2.276, 1.188, -11.675]	 game_history=[33, 18, 22, 8, 10, 8]
                                   Rank 1 fitness=98	weights=[5.868, 1.41, 0, -9.722, 3.491, -4.75, 0.057, -1.249, -0.228, 0.173, -1.326, 0.525, -1.648, 1.999, 5.141, -0.251, -5.355, 3.677, -1.729]	 game_history=[22, 28, 6, 20, 14, 8]
                                   Rank 2 fitness=92	weights=[4.933, -1.559, 5.021, -8.117, -0.83, 2.436, -2.418, -1.02, -2.411, -0.365, -0.271, -2.198, -0.254, -0.114, 3.531, 1.849, 5.242, -1.87, -4.933]	 game_history=[16, 14, 6, 20, 16, 20]
                                   Rank 3 fitness=91	weights=[5.127, -1.676, -0.122, -4.858, 1.073, 2.116, -0.725, -3.395, -3.078, -4.092, 1.624, -0.807, 1.379, -1.566, 2.417, 1.957, 5.165, 2.275, 7.655]	 game_history=[3, 30, 16, 14, 20, 8]
                                   Rank 4 fitness=90	weights=[3.38, -0.103, -1.741, -3.208, -4.547, 1.425, -1.11, -0.207, -2.666, -2.468, 0.83, 0.545, 1.019, -2.289, 3.531, 2.392, -0.602, 3.451, -5.923]	 game_history=[20, 10, 20, 18, 18, 4]
2020-03-09 10:52:51.780652 - G18:  Rank 0 fitness=103	weights=[3.548, 2.557, -6.508, -3.877, 3.358, -0.617, -3.063, 0.027, -3.078, 1.436, -2.601, 0.085, 1.169, -2.832, 2.624, 3.424, -0.018, -1.43, -7.487]	 game_history=[-3, 26, 26, 24, 18, 12]
                                   Rank 1 fitness=102	weights=[5.868, 1.41, 0, -9.722, 3.491, -4.75, 0.057, -1.249, -0.228, 0.173, -1.326, 0.525, -1.648, 1.999, 5.141, -0.251, -5.355, 3.677, -1.729]	 game_history=[9, 24, 26, -10, 30, 23]
                                   Rank 2 fitness=101	weights=[3.38, -0.103, -1.741, -3.208, -4.547, 1.425, -1.11, -0.207, -2.666, -2.468, 0.83, 0.545, 1.019, -2.289, 3.531, 2.392, -0.602, 3.451, -5.923]	 game_history=[20, 24, 16, 12, 16, 13]
                                   Rank 3 fitness=100	weights=[1.469, 8.513, 0.124, 0.494, 0.604, 0.591, 0.534, -0.76, -1.502, -1.315, -1.285, 0, 1.754, 2.812, 0.833, -1.536, 2.276, -3.463, -2.997]	 game_history=[9, 18, -12, 27, 30, 28]
                                   Rank 4 fitness=94	weights=[0.774, 8.167, 0.95, -2.888, -0.604, 3.877, 0.197, -0.388, 3.422, -0.063, 0.271, -2.954, -0.072, -1.669, -3.454, -1.849, -1.354, 0.121, 6.94]	 game_history=[15, 20, 25, 24, -14, 24]
2020-03-09 10:55:31.725703 - G19:  Rank 0 fitness=148	weights=[5.868, 1.41, 0, -9.722, 3.491, -4.75, 0.057, -1.249, -0.228, 0.173, -1.326, 0.525, -1.648, 1.999, 5.141, -0.251, -5.355, 3.677, -1.729]	 game_history=[22, 24, 20, 30, 22, 30]
                                   Rank 1 fitness=122	weights=[3.355, 0.821, -3.803, 1.656, -3.358, -0.617, -1.486, 0.027, -3.078, -0.989, -2.84, 0.085, 1.169, -2.832, 1.338, -2.011, 2.067, -2.742, -3.026]	 game_history=[31, 20, 32, 6, 10, 23]
                                   Rank 2 fitness=110	weights=[5.476, 1.004, 6.805, -8.117, -0.252, 2.436, -2.418, -1.02, -2.411, 1.253, 1.784, 2.198, -1.796, -0.114, 3.522, 1.849, 5.242, -1.87, 4.933]	 game_history=[20, 12, 10, 19, 18, 31]
                                   Rank 3 fitness=95	weights=[3.38, -0.103, -1.741, -3.208, -4.547, 1.425, -1.11, -0.207, -2.666, -2.468, 0.83, 0.545, 1.019, -2.289, 3.531, 2.392, -0.602, 3.451, -5.923]	 game_history=[20, 38, 14, 5, 2, 16]
                                   Rank 4 fitness=93	weights=[-0.131, 8.477, -5.898, -5.103, 1.266, 2.916, -0.118, -1.594, 0.077, -1.315, -1.663, 0, -0.251, 5.228, 0.277, -0.122, -2.539, 1.029, -5.775]	 game_history=[26, 22, -8, 9, 14, 30]
