2020-03-07 00:05:47.717221 - G2:    best_fitness=-31	best_weights=[0, 0, 0, 0, 1, 0, 1, 0, 0, 1, 1, 0, 0, 1, 1, 1, 0, 1, 0]	 game_history=[-13, -18]
2020-03-07 00:06:39.128694 - G3:    best_fitness=-5	best_weights=[0.984, 0, 0, 0, 1, 0, 1, -0.497, -0.315, 1, 0.195, 1.018, 0, 0, 1, -0.433, 0, 1, -1.485]	 game_history=[3, -8]
2020-03-07 00:07:29.253467 - G4:    best_fitness=-5	best_weights=[0.984, 0, 0, 0, 1, 0, 1, -0.497, -0.315, 1, 0.195, 1.018, 0, 0, 1, -0.433, 0, 1, -1.485]	 game_history=[3, -8]
2020-03-07 00:08:17.957984 - G5:    best_fitness=14	best_weights=[0.762, -0.329, -1.081, 1.093, 1.156, -0.098, 1, -0.639, -0.597, 0.171, 0, -1.367, -1.599, -0.602, -0.072, -0.332, -0.811, -1, 0.995]	 game_history=[3, 11]
2020-03-07 00:09:06.540824 - G6:    best_fitness=14	best_weights=[0.762, -0.329, -1.081, 1.093, 1.156, -0.098, 1, -0.639, -0.597, 0.171, 0, -1.367, -1.599, -0.602, -0.072, -0.332, -0.811, -1, 0.995]	 game_history=[3, 11]
2020-03-07 00:09:55.750323 - G7:    best_fitness=14	best_weights=[0.762, -0.329, -1.081, 1.093, 1.156, -0.098, 1, -0.639, -0.597, 0.171, 0, -1.367, -1.599, -0.602, -0.072, -0.332, -0.811, -1, 0.995]	 game_history=[3, 11]
2020-03-07 00:10:45.129664 - G8:    best_fitness=17	best_weights=[-1.56, 0.684, 0, 0.68, -1.174, 0.18, 0.605, 0.203, -0.315, -1, 0, 0.939, -0.32, -0.924, 0.038, -1.394, 0.461, -2.128, 1.568]	 game_history=[5, 12]
2020-03-07 00:11:34.663765 - G9:    best_fitness=17	best_weights=[-1.56, 0.684, 0, 0.68, -1.174, 0.18, 0.605, 0.203, -0.315, -1, 0, 0.939, -0.32, -0.924, 0.038, -1.394, 0.461, -2.128, 1.568]	 game_history=[5, 12]
2020-03-07 00:12:21.836231 - G10:   best_fitness=17	best_weights=[-1.56, 0.684, 0, 0.68, -1.174, 0.18, 0.605, 0.203, -0.315, -1, 0, 0.939, -0.32, -0.924, 0.038, -1.394, 0.461, -2.128, 1.568]	 game_history=[5, 12]
2020-03-07 00:13:09.907769 - G11:   best_fitness=21	best_weights=[-0.31, 1.25, -0.574, 1.319, -1, -0.214, -1.065, 0.087, -0.339, -1, -1, -0.47, -0.08, -1.475, 0.658, 1.144, 0, 0.865, -1.138]	 game_history=[11, 10]
2020-03-07 00:13:58.495356 - G12:   best_fitness=21	best_weights=[-0.31, 1.25, -0.574, 1.319, -1, -0.214, -1.065, 0.087, -0.339, -1, -1, -0.47, -0.08, -1.475, 0.658, 1.144, 0, 0.865, -1.138]	 game_history=[11, 10]
2020-03-07 00:14:46.163444 - G13:   best_fitness=21	best_weights=[-0.31, 1.25, -0.574, 1.319, -1, -0.214, -1.065, 0.087, -0.339, -1, -1, -0.47, -0.08, -1.475, 0.658, 1.144, 0, 0.865, -1.138]	 game_history=[11, 10]
2020-03-07 00:15:33.243025 - G14:   best_fitness=31	best_weights=[0.736, 0.066, 0.334, 0.536, -1.174, -0.18, 0.028, 0.203, -0.454, -0.554, 1, -0.398, 0.08, -1.475, 1.139, 0.31, -0.178, -1.191, -1.478]	 game_history=[19, 12]
2020-03-07 00:16:26.171567 - G15:   best_fitness=31	best_weights=[0.736, 0.066, 0.334, 0.536, -1.174, -0.18, 0.028, 0.203, -0.454, -0.554, 1, -0.398, 0.08, -1.475, 1.139, 0.31, -0.178, -1.191, -1.478]	 game_history=[19, 12]
2020-03-07 00:17:16.678971 - G16:   best_fitness=31	best_weights=[0.736, 0.066, 0.334, 0.536, -1.174, -0.18, 0.028, 0.203, -0.454, -0.554, 1, -0.398, 0.08, -1.475, 1.139, 0.31, -0.178, -1.191, -1.478]	 game_history=[19, 12]
2020-03-07 00:18:04.929718 - G17:   best_fitness=31	best_weights=[0.736, 0.066, 0.334, 0.536, -1.174, -0.18, 0.028, 0.203, -0.454, -0.554, 1, -0.398, 0.08, -1.475, 1.139, 0.31, -0.178, -1.191, -1.478]	 game_history=[19, 12]
2020-03-07 00:18:55.159631 - G18:   best_fitness=31	best_weights=[0.736, 0.066, 0.334, 0.536, -1.174, -0.18, 0.028, 0.203, -0.454, -0.554, 1, -0.398, 0.08, -1.475, 1.139, 0.31, -0.178, -1.191, -1.478]	 game_history=[19, 12]
2020-03-07 00:19:44.107881 - G19:   best_fitness=31	best_weights=[0.736, 0.066, 0.334, 0.536, -1.174, -0.18, 0.028, 0.203, -0.454, -0.554, 1, -0.398, 0.08, -1.475, 1.139, 0.31, -0.178, -1.191, -1.478]	 game_history=[19, 12]
2020-03-07 00:20:33.301910 - G20:   best_fitness=31	best_weights=[0.736, 0.066, 0.334, 0.536, -1.174, -0.18, 0.028, 0.203, -0.454, -0.554, 1, -0.398, 0.08, -1.475, 1.139, 0.31, -0.178, -1.191, -1.478]	 game_history=[19, 12]
2020-03-07 00:21:23.493564 - G21:   best_fitness=33	best_weights=[-0.259, 0.622, 0.17, 1.101, -1.578, 0.135, -1.435, -0.302, -0.318, -1.615, 0.896, 0.586, 0.366, -3.101, 0.764, -1.165, 0, -0.382, 2.56]	 game_history=[23, 10]
2020-03-07 00:22:10.827889 - G22:   best_fitness=33	best_weights=[-0.259, 0.622, 0.17, 1.101, -1.578, 0.135, -1.435, -0.302, -0.318, -1.615, 0.896, 0.586, 0.366, -3.101, 0.764, -1.165, 0, -0.382, 2.56]	 game_history=[23, 10]
2020-03-07 00:22:58.412861 - G23:   best_fitness=33	best_weights=[-0.259, 0.622, 0.17, 1.101, -1.578, 0.135, -1.435, -0.302, -0.318, -1.615, 0.896, 0.586, 0.366, -3.101, 0.764, -1.165, 0, -0.382, 2.56]	 game_history=[23, 10]
2020-03-07 00:23:46.957487 - G24:   best_fitness=35	best_weights=[0.05, 0.765, -0.104, 1.274, -2.022, -0.135, -0.782, 0.59, 0.881, -1.044, -1.044, -0.244, -0.184, 0.659, 0.474, -1.453, -1.684, -1.756, -0.096]	 game_history=[23, 12]
2020-03-07 00:24:35.208304 - G25:   best_fitness=35	best_weights=[0.05, 0.765, -0.104, 1.274, -2.022, -0.135, -0.782, 0.59, 0.881, -1.044, -1.044, -0.244, -0.184, 0.659, 0.474, -1.453, -1.684, -1.756, -0.096]	 game_history=[23, 12]
2020-03-07 00:25:26.329691 - G26:   best_fitness=35	best_weights=[0.05, 0.765, -0.104, 1.274, -2.022, -0.135, -0.782, 0.59, 0.881, -1.044, -1.044, -0.244, -0.184, 0.659, 0.474, -1.453, -1.684, -1.756, -0.096]	 game_history=[23, 12]
2020-03-07 00:26:14.127561 - G27:   best_fitness=35	best_weights=[0.05, 0.765, -0.104, 1.274, -2.022, -0.135, -0.782, 0.59, 0.881, -1.044, -1.044, -0.244, -0.184, 0.659, 0.474, -1.453, -1.684, -1.756, -0.096]	 game_history=[23, 12]
2020-03-07 00:27:02.378067 - G28:   best_fitness=35	best_weights=[0.05, 0.765, -0.104, 1.274, -2.022, -0.135, -0.782, 0.59, 0.881, -1.044, -1.044, -0.244, -0.184, 0.659, 0.474, -1.453, -1.684, -1.756, -0.096]	 game_history=[23, 12]
2020-03-07 00:27:49.798849 - G29:   best_fitness=35	best_weights=[0.05, 0.765, -0.104, 1.274, -2.022, -0.135, -0.782, 0.59, 0.881, -1.044, -1.044, -0.244, -0.184, 0.659, 0.474, -1.453, -1.684, -1.756, -0.096]	 game_history=[23, 12]
2020-03-07 00:28:40.071140 - G30:   best_fitness=35	best_weights=[0.05, 0.765, -0.104, 1.274, -2.022, -0.135, -0.782, 0.59, 0.881, -1.044, -1.044, -0.244, -0.184, 0.659, 0.474, -1.453, -1.684, -1.756, -0.096]	 game_history=[23, 12]
2020-03-07 00:29:28.820014 - G31:   best_fitness=41	best_weights=[0.591, -0.066, 0.862, 0.324, -1.571, -0.225, 1.306, -0.332, -0.789, -2.366, -1.323, 1.553, 0.268, 3.281, -0.355, 1.529, 0.851, -2.354, -0.243]	 game_history=[23, 18]
2020-03-07 00:30:19.549837 - G32:   best_fitness=41	best_weights=[0.591, -0.066, 0.862, 0.324, -1.571, -0.225, 1.306, -0.332, -0.789, -2.366, -1.323, 1.553, 0.268, 3.281, -0.355, 1.529, 0.851, -2.354, -0.243]	 game_history=[23, 18]
2020-03-07 00:31:10.589296 - G33:   best_fitness=41	best_weights=[0.591, -0.066, 0.862, 0.324, -1.571, -0.225, 1.306, -0.332, -0.789, -2.366, -1.323, 1.553, 0.268, 3.281, -0.355, 1.529, 0.851, -2.354, -0.243]	 game_history=[23, 18]
2020-03-07 00:32:00.365769 - G34:   best_fitness=42	best_weights=[0.736, 0.765, -0.104, -1.274, -1.211, 0.331, -0.562, 0.59, 0.881, -1.044, -1, -0.27, 0.634, 1.475, 1.139, -0.31, 0.178, -1.191, -0.921]	 game_history=[21, 21]
2020-03-07 00:32:49.710773 - G35:   best_fitness=42	best_weights=[0.736, 0.765, -0.104, -1.274, -1.211, 0.331, -0.562, 0.59, 0.881, -1.044, -1, -0.27, 0.634, 1.475, 1.139, -0.31, 0.178, -1.191, -0.921]	 game_history=[21, 21]
2020-03-07 00:33:38.062268 - G36:   best_fitness=42	best_weights=[0.736, 0.765, -0.104, -1.274, -1.211, 0.331, -0.562, 0.59, 0.881, -1.044, -1, -0.27, 0.634, 1.475, 1.139, -0.31, 0.178, -1.191, -0.921]	 game_history=[21, 21]
2020-03-07 00:34:26.726771 - G37:   best_fitness=42	best_weights=[0.736, 0.765, -0.104, -1.274, -1.211, 0.331, -0.562, 0.59, 0.881, -1.044, -1, -0.27, 0.634, 1.475, 1.139, -0.31, 0.178, -1.191, -0.921]	 game_history=[21, 21]
2020-03-07 00:35:15.050707 - G38:   best_fitness=42	best_weights=[0.736, 0.765, -0.104, -1.274, -1.211, 0.331, -0.562, 0.59, 0.881, -1.044, -1, -0.27, 0.634, 1.475, 1.139, -0.31, 0.178, -1.191, -0.921]	 game_history=[21, 21]
2020-03-07 00:36:05.664218 - G39:   best_fitness=42	best_weights=[0.736, 0.765, -0.104, -1.274, -1.211, 0.331, -0.562, 0.59, 0.881, -1.044, -1, -0.27, 0.634, 1.475, 1.139, -0.31, 0.178, -1.191, -0.921]	 game_history=[21, 21]
2020-03-07 00:36:55.545035 - G40:   best_fitness=42	best_weights=[0.736, 0.765, -0.104, -1.274, -1.211, 0.331, -0.562, 0.59, 0.881, -1.044, -1, -0.27, 0.634, 1.475, 1.139, -0.31, 0.178, -1.191, -0.921]	 game_history=[21, 21]
2020-03-07 00:37:45.425492 - G41:   best_fitness=42	best_weights=[0.736, 0.765, -0.104, -1.274, -1.211, 0.331, -0.562, 0.59, 0.881, -1.044, -1, -0.27, 0.634, 1.475, 1.139, -0.31, 0.178, -1.191, -0.921]	 game_history=[21, 21]
2020-03-07 00:38:33.981014 - G42:   best_fitness=42	best_weights=[0.736, 0.765, -0.104, -1.274, -1.211, 0.331, -0.562, 0.59, 0.881, -1.044, -1, -0.27, 0.634, 1.475, 1.139, -0.31, 0.178, -1.191, -0.921]	 game_history=[21, 21]
2020-03-07 00:39:24.273877 - G43:   best_fitness=42	best_weights=[0.736, 0.765, -0.104, -1.274, -1.211, 0.331, -0.562, 0.59, 0.881, -1.044, -1, -0.27, 0.634, 1.475, 1.139, -0.31, 0.178, -1.191, -0.921]	 game_history=[21, 21]
2020-03-07 00:40:15.537291 - G44:   best_fitness=42	best_weights=[0.736, 0.765, -0.104, -1.274, -1.211, 0.331, -0.562, 0.59, 0.881, -1.044, -1, -0.27, 0.634, 1.475, 1.139, -0.31, 0.178, -1.191, -0.921]	 game_history=[21, 21]
2020-03-07 00:41:03.189389 - G45:   best_fitness=42	best_weights=[0.736, 0.765, -0.104, -1.274, -1.211, 0.331, -0.562, 0.59, 0.881, -1.044, -1, -0.27, 0.634, 1.475, 1.139, -0.31, 0.178, -1.191, -0.921]	 game_history=[21, 21]
2020-03-07 00:41:49.979725 - G46:   best_fitness=42	best_weights=[0.736, 0.765, -0.104, -1.274, -1.211, 0.331, -0.562, 0.59, 0.881, -1.044, -1, -0.27, 0.634, 1.475, 1.139, -0.31, 0.178, -1.191, -0.921]	 game_history=[21, 21]
2020-03-07 00:42:37.746725 - G47:   best_fitness=42	best_weights=[0.736, 0.765, -0.104, -1.274, -1.211, 0.331, -0.562, 0.59, 0.881, -1.044, -1, -0.27, 0.634, 1.475, 1.139, -0.31, 0.178, -1.191, -0.921]	 game_history=[21, 21]
